dataset : cifar100
partition : noniid-quantity
dir_alpha : 2.0
num_clients : 100
major_classes_num : 2
min_require_size : 10
globalize : True
noise_mode : sym
true_noise_ratio : [0.3942953020134228, 0.4193548387096774, 0.3843283582089553, 0.46496815286624205, 0.4072327044025157, 0.4120370370370371, 0.38842975206611574, 0.38095238095238093, 0.4222222222222223, 0.4771241830065359, 0.4049586776859504, 0.34375, 0.3355263157894737, 0.4039735099337748, 0.38076923076923075, 0.3706896551724138, 0.4107142857142857, 0.40522875816993464, 0.4181034482758621, 0.37688442211055273, 0.4066666666666666, 0.3943661971830986, 0.3585434173669467, 0.35789473684210527, 0.40646651270207856, 0.34156378600823045, 0.3793859649122807, 0.35901386748844377, 0.39923224568138194, 0.42172523961661346, 0.34560906515580736, 0.39937106918238996, 0.41279069767441856, 0.3803363518758085, 0.371900826446281, 0.4036697247706422, 0.407119021134594, 0.3911111111111111, 0.38934169278996866, 0.4722222222222222, 0.39574468085106385, 0.40625, 0.3908918406072106, 0.4, 0.4363636363636364, 0.38095238095238093, 0.3868194842406877, 0.4112676056338028, 0.4504132231404959, 0.36403508771929827, 0.42669584245076586, 0.3997772828507795, 0.3648208469055375, 0.4049586776859504, 0.39682539682539686, 0.4385150812064965, 0.4305555555555556, 0.3873684210526316, 0.3856209150326797, 0.38396624472573837, 0.4204545454545454, 0.4662921348314607, 0.5178571428571428, 0.4022770398481973, 0.4037037037037037, 0.44166666666666665, 0.40841584158415845, 0.3902439024390244, 0.36674816625916873, 0.31924882629107976, 0.39655172413793105, 0.4211076280041798, 0.4963503649635036, 0.3923884514435696, 0.36363636363636365, 0.43317230273752017, 0.40384615384615385, 0.3943089430894309, 0.39290586630286495, 0.3935185185185185, 0.403921568627451, 0.40056417489421725, 0.41503267973856206, 0.39610389610389607, 0.3729838709677419, 0.4262536873156342, 0.4223529411764706, 0.4444444444444444, 0.4155844155844156, 0.4075829383886256, 0.4295302013422819, 0.38745387453874536, 0.42352941176470593, 0.403010033444816, 0.3674033149171271, 0.37773608505315825, 0.4, 0.42826780021253985, 0.3841642228739003, 0.3738872403560831]
noise_ratio : [0.4, 0.4, 0.4, 0.4, 0.4, 0.4, 0.4, 0.4, 0.4, 0.4, 0.4, 0.4, 0.4, 0.4, 0.4, 0.4, 0.4, 0.4, 0.4, 0.4, 0.4, 0.4, 0.4, 0.4, 0.4, 0.4, 0.4, 0.4, 0.4, 0.4, 0.4, 0.4, 0.4, 0.4, 0.4, 0.4, 0.4, 0.4, 0.4, 0.4, 0.4, 0.4, 0.4, 0.4, 0.4, 0.4, 0.4, 0.4, 0.4, 0.4, 0.4, 0.4, 0.4, 0.4, 0.4, 0.4, 0.4, 0.4, 0.4, 0.4, 0.4, 0.4, 0.4, 0.4, 0.4, 0.4, 0.4, 0.4, 0.4, 0.4, 0.4, 0.4, 0.4, 0.4, 0.4, 0.4, 0.4, 0.4, 0.4, 0.4, 0.4, 0.4, 0.4, 0.4, 0.4, 0.4, 0.4, 0.4, 0.4, 0.4, 0.4, 0.4, 0.4, 0.4, 0.4, 0.4, 0.4, 0.4, 0.4, 0.4]
