dataset : cifar100
partition : iid
dir_alpha : 0.1
num_clients : 20
major_classes_num : 2
min_require_size : 10
globalize : False
noise_mode : asym
true_noise_ratio : [0.4104, 0.34319999999999995, 0.4252, 0.4556, 0.478, 0.49639999999999995, 0.3224, 0.3228, 0.3516, 0.38839999999999997, 0.44599999999999995, 0.36839999999999995, 0.40959999999999996, 0.3296, 0.49239999999999995, 0.4124, 0.31720000000000004, 0.4272, 0.3964, 0.31799999999999995]
noise_ratio : [0.4104895695008678, 0.343460191046035, 0.42539329293937783, 0.45593883617850106, 0.4782031064541908, 0.496401792598822, 0.3224117135448521, 0.3231767808545366, 0.35167964787997413, 0.38862422288221765, 0.44615497428501427, 0.3687743569390958, 0.4097022056070406, 0.3297164078452581, 0.4927080224609288, 0.41252810577773413, 0.317399423194437, 0.4273948602917107, 0.3967017510977646, 0.3180027463821294]
