dataset : cifar100
partition : noniid-quantity
dir_alpha : 0.3
num_clients : 20
major_classes_num : 2
min_require_size : 10
globalize : True
noise_mode : sym
true_noise_ratio : [0.4063260340632603, 0.40673076923076923, 0.4653465346534653, 0.4010073614877955, 0.3857466063348416, 0.40131208997188383, 0.38346727898966704, 0.41198501872659177, 0.39171974522292996, 0.4017725258493353, 0.4001651300399064, 0.5, 0.3817204301075269, 0.4084832480607361, 0.38075313807531386, 0.3939393939393939, 0.4061302681992337, 0.42745861733203505, 0.4035087719298246, 0.3771144278606965]
noise_ratio : [0.4, 0.4, 0.4, 0.4, 0.4, 0.4, 0.4, 0.4, 0.4, 0.4, 0.4, 0.4, 0.4, 0.4, 0.4, 0.4, 0.4, 0.4, 0.4, 0.4]
