dataset : cifar100
partition : noniid-quantity
dir_alpha : 3.0
num_clients : 100
major_classes_num : 2
min_require_size : 10
globalize : True
noise_mode : asym
true_noise_ratio : [0.39980732177263967, 0.4727891156462585, 0.375, 0.3827751196172249, 0.40018231540565175, 0.43018867924528303, 0.40290758047767394, 0.3411764705882353, 0.3934226552984166, 0.36097560975609755, 0.38987341772151896, 0.37860082304526754, 0.37073170731707317, 0.3842424242424243, 0.3744855967078189, 0.42500000000000004, 0.42587601078167114, 0.4063545150501672, 0.4121863799283154, 0.41767068273092367, 0.42079207920792083, 0.40711462450592883, 0.4025641025641026, 0.3526970954356846, 0.42604856512141276, 0.40484429065743943, 0.37632135306553915, 0.3646496815286624, 0.39428571428571424, 0.37321937321937326, 0.35492227979274615, 0.40518638573743926, 0.37428023032629554, 0.39226519337016574, 0.37436762225969644, 0.478021978021978, 0.3878048780487805, 0.3882709807886754, 0.40375939849624065, 0.36250000000000004, 0.41115702479338845, 0.43194444444444446, 0.38113207547169814, 0.348314606741573, 0.4305555555555556, 0.3746312684365781, 0.40052356020942403, 0.44845360824742264, 0.4161616161616162, 0.413135593220339, 0.37632135306553915, 0.4163614163614163, 0.4161849710982659, 0.40484429065743943, 0.3994334277620396, 0.3702882483370288, 0.42121212121212126, 0.40977881257275905, 0.4439024390243902, 0.40246406570841886, 0.39493293591654244, 0.47161572052401746, 0.47560975609756095, 0.3754716981132076, 0.4029574861367837, 0.41860465116279066, 0.3776223776223776, 0.41666666666666663, 0.34411085450346424, 0.3702290076335878, 0.36190476190476195, 0.41666666666666663, 0.43386243386243384, 0.4, 0.45108695652173914, 0.3917355371900827, 0.3918722786647315, 0.3904109589041096, 0.3867243867243867, 0.4402654867256637, 0.43096234309623427, 0.3887240356083086, 0.4381270903010034, 0.36820083682008364, 0.39801980198019804, 0.4107692307692308, 0.4252873563218391, 0.41397445529676935, 0.4007029876977153, 0.3995157384987893, 0.3851351351351351, 0.3681592039800995, 0.39490445859872614, 0.36036036036036034, 0.36967632027257236, 0.3807106598984772, 0.4246061515378845, 0.4356435643564357, 0.39008480104370513, 0.37765957446808507]
noise_ratio : [0.4, 0.4, 0.4, 0.4, 0.4, 0.4, 0.4, 0.4, 0.4, 0.4, 0.4, 0.4, 0.4, 0.4, 0.4, 0.4, 0.4, 0.4, 0.4, 0.4, 0.4, 0.4, 0.4, 0.4, 0.4, 0.4, 0.4, 0.4, 0.4, 0.4, 0.4, 0.4, 0.4, 0.4, 0.4, 0.4, 0.4, 0.4, 0.4, 0.4, 0.4, 0.4, 0.4, 0.4, 0.4, 0.4, 0.4, 0.4, 0.4, 0.4, 0.4, 0.4, 0.4, 0.4, 0.4, 0.4, 0.4, 0.4, 0.4, 0.4, 0.4, 0.4, 0.4, 0.4, 0.4, 0.4, 0.4, 0.4, 0.4, 0.4, 0.4, 0.4, 0.4, 0.4, 0.4, 0.4, 0.4, 0.4, 0.4, 0.4, 0.4, 0.4, 0.4, 0.4, 0.4, 0.4, 0.4, 0.4, 0.4, 0.4, 0.4, 0.4, 0.4, 0.4, 0.4, 0.4, 0.4, 0.4, 0.4, 0.4]
