{'num_clients': 10, 'com_round': 500, 'model': 'VGG16', 'sample_ratio': 1.0, 'batch_size': 128, 'epochs': 5, 'lr': 0.01, 'weight_decay': 0.0005, 'momentum': 0.9, 'centralized': False, 'partition': 'iid', 'dir_alpha': 0.1, 'major_classes_num': 2, 'min_require_size': 10, 'noise_mode': 'asym', 'globalize': False, 'noise_ratio': 0.0, 'min_noise_ratio': 0.3, 'max_noise_ratio': 0.5, 'criterion': 'ce', 'sce_alpha': 0.1, 'sce_beta': 1.0, 'loss_scale': 1.0, 'gce_q': 0.7, 'focal_alpha': None, 'focal_gamma': 0.0, 'mixup': False, 'mixup_alpha': 1.0, 'coteaching': False, 'coteaching_forget_rate': None, 'coteaching_exponent': 1, 'coteaching_num_gradual': 10, 'dataset': 'cifar10', 'data_dir': '../fedNLLdata/cifar10', 'out_dir': '../Fed-Noisy-checkpoint/', 'save_best': False, 'seed': 3, 'cuda': True}
acc:[10.25, 17.53, 19.009999999999998, 31.269999999999996, 34.03, 38.2, 40.61, 43.91, 48.03, 49.8, 51.59, 54.54, 56.54, 60.650000000000006, 63.949999999999996, 63.42, 68.45, 69.51, 71.1, 72.63, 73.21, 74.19, 75.98, 75.41, 76.83, 76.71, 77.51, 78.31, 78.27, 79.03, 78.10000000000001, 79.13, 79.03, 79.43, 79.60000000000001, 80.34, 80.04, 80.97, 80.74, 81.08999999999999, 80.55, 80.87, 80.56, 80.66, 81.45, 81.45, 80.71000000000001, 82.42, 81.31, 81.65, 82.34, 81.44, 81.07, 81.99, 81.96, 81.85, 81.94, 83.03, 81.89, 83.48, 82.3, 82.34, 82.73, 82.80999999999999, 82.23]
loss:[2.2975530564030513, 2.117644174189507, 2.0047302457350717, 1.7482096862189378, 1.6650696811796744, 1.5721718585943874, 1.5027693193170089, 1.4501272696482985, 1.3132746491251113, 1.2455815620060209, 1.1899058577380603, 1.1086065422130535, 1.0581646274916734, 1.0102223595486413, 0.9662488080278228, 0.929616768148881, 0.8938200956658472, 0.8606062833266922, 0.8438674792458739, 0.7959815414646004, 0.7883866119988358, 0.7893725844878184, 0.7458472033090229, 0.7584195431274704, 0.7219419894339163, 0.7088438457326044, 0.705588317370113, 0.7056501726560955, 0.7123663987539992, 0.6797437426410143, 0.6888045845906946, 0.6807534272157694, 0.6725494356095036, 0.6626785423936723, 0.6604621210430242, 0.6390105991423884, 0.6633800415298606, 0.6357347523864312, 0.653079916782017, 0.6313788464552239, 0.6634008786346339, 0.6470454742636862, 0.6377753732325155, 0.6463903366010401, 0.6464348661748669, 0.6148807496964177, 0.6322662739814082, 0.6250597883628893, 0.6471805304666108, 0.6541676536391053, 0.6164260140702694, 0.6449227053907853, 0.6262311629856689, 0.6120174813874161, 0.6313618972331663, 0.6324261430698105, 0.6427884675279448, 0.6152991229974771, 0.6594714382781258, 0.6005687653263913, 0.6389513570296613, 0.6272044917450675, 0.62671735052821, 0.63123722355577, 0.656658733570123]
