{'num_clients': 10, 'com_round': 500, 'model': 'SimpleCNNMNIST', 'sample_ratio': 1.0, 'batch_size': 128, 'epochs': 5, 'lr': 0.01, 'weight_decay': 0.01, 'momentum': 0.9, 'centralized': False, 'partition': 'noniid-quantity', 'dir_alpha': 0.3, 'major_classes_num': 2, 'min_require_size': 10, 'noise_mode': 'sym', 'globalize': True, 'noise_ratio': 0.4, 'min_noise_ratio': 0.0, 'max_noise_ratio': 1.0, 'dataset': 'mnist', 'raw_data_dir': '../raw_datasets/mnist/MNIST', 'data_dir': '../fedNLLdata/mnist', 'out_dir': '../Fed-Noisy-checkpoint/', 'save_best': False, 'seed': 1, 'cuda': True}
acc:[93.13, 95.78, 96.84, 97.35000000000001, 97.47, 97.50999999999999, 97.42, 97.58, 97.76, 97.72, 97.78999999999999, 97.7, 97.66, 97.72]
loss:[1.0035684123823914, 0.6794734367086918, 0.6795002980322777, 0.6756246003169047, 0.6377572941629193, 0.6522417506085166, 0.6191020913516418, 0.6484921385970297, 0.6255285019361521, 0.5991795221461526, 0.6356795735751526, 0.6126266465156893, 0.6627693723274183, 0.6218591573872144]
