{'num_clients': 10, 'com_round': 500, 'model': 'SimpleCNNMNIST', 'sample_ratio': 1.0, 'batch_size': 128, 'epochs': 5, 'lr': 0.01, 'weight_decay': 0.01, 'momentum': 0.9, 'centralized': False, 'partition': 'noniid-quantity', 'dir_alpha': 0.3, 'major_classes_num': 2, 'min_require_size': 10, 'noise_mode': 'asym', 'globalize': True, 'noise_ratio': 0.4, 'min_noise_ratio': 0.0, 'max_noise_ratio': 1.0, 'dataset': 'mnist', 'raw_data_dir': '../raw_datasets/mnist/MNIST', 'data_dir': '../fedNLLdata/mnist', 'out_dir': '../Fed-Noisy-checkpoint/', 'save_best': False, 'seed': 1, 'cuda': True}
acc:[89.52, 96.09, 93.25, 96.73, 96.91, 96.75, 96.84, 96.54, 97.03, 97.00999999999999, 96.83, 97.23, 97.35000000000001, 97.00999999999999]
loss:[0.434780067280878, 0.31517091468919683, 0.35431981690322295, 0.3078867353593247, 0.3177551065064684, 0.30117622244207165, 0.2994622569295424, 0.3198587585099136, 0.3006203615967232, 0.29222457280641867, 0.30243790111964264, 0.289436564415316, 0.30541943956779527, 0.2979910875423045]
