{'num_clients': 10, 'com_round': 500, 'model': 'SimpleCNN', 'sample_ratio': 1.0, 'batch_size': 128, 'epochs': 5, 'lr': 0.01, 'weight_decay': 0.01, 'momentum': 0.9, 'centralized': False, 'partition': 'iid', 'dir_alpha': 0.1, 'major_classes_num': 2, 'min_require_size': 10, 'noise_mode': 'clean', 'globalize': True, 'noise_ratio': 0.0, 'min_noise_ratio': 0.0, 'max_noise_ratio': 1.0, 'criterion': 'ce', 'sce_alpha': 0.1, 'sce_beta': 1.0, 'loss_scale': 1.0, 'gce_q': 0.7, 'focal_alpha': None, 'focal_gamma': 0.0, 'dataset': 'mnist', 'data_dir': '../fedNLLdata/mnist', 'out_dir': '../Fed-Noisy-checkpoint/', 'save_best': False, 'seed': 5, 'cuda': True}
acc:[94.93, 97.23, 97.91, 98.17, 98.39, 98.4, 98.48, 98.47, 98.53, 98.56]
loss:[0.16961274633207654, 0.09315567515802252, 0.07320401882693832, 0.06555609905479264, 0.06010873081704861, 0.057419391798409575, 0.0550479326099511, 0.05394557098964158, 0.05263892867561147, 0.05153982858969299]
