{'num_clients': 10, 'com_round': 500, 'model': 'VGG16', 'sample_ratio': 1.0, 'batch_size': 128, 'epochs': 5, 'lr': 0.01, 'weight_decay': 0.0005, 'momentum': 0.9, 'centralized': False, 'partition': 'noniid-quantity', 'dir_alpha': 0.1, 'major_classes_num': 2, 'min_require_size': 10, 'noise_mode': 'asym', 'globalize': True, 'noise_ratio': 0.4, 'min_noise_ratio': 0.0, 'max_noise_ratio': 1.0, 'criterion': 'ce', 'sce_alpha': 0.1, 'sce_beta': 1.0, 'loss_scale': 1.0, 'gce_q': 0.7, 'focal_alpha': None, 'focal_gamma': 0.0, 'mixup': False, 'mixup_alpha': 1.0, 'dataset': 'svhn', 'data_dir': '../fedNLLdata/svhn', 'out_dir': '../Fed-Noisy-checkpoint/', 'save_best': False, 'seed': 1, 'cuda': True}
acc:[15.938076213890595, 10.878918254456055, 31.63414259373079, 71.70021511985249, 86.5319606637984, 84.42685925015365, 93.23524892440074, 93.48878303626306, 78.99508297480024, 94.04963122311003, 94.2839582052858, 94.0419483712354, 94.01889981561156, 94.46450522433928, 94.13030116779349, 94.3838352796558, 94.0918869084204, 94.14950829748003, 94.20712968653964, 94.05347264904734, 94.44913952059004, 94.24938537185002, 93.96127842655193, 94.45682237246466, 94.08036263060848, 94.41840811309157, 94.22633681622618, 94.0918869084204, 93.899815611555, 93.8959741856177, 93.26982175783651, 93.97280270436386, 93.50799016594961, 93.83451137062077, 92.91256914566686, 92.57068223724647, 93.27366318377382, 93.16226183159189, 93.04701905347265, 92.52458512599877, 92.14428395820529, 92.2019053472649, 92.0098340503995, 91.23770743700061, 91.90227412415489, 91.47971727105102, 91.45282728948986, 92.01751690227412, 90.72679778733867, 90.95344191763984, 90.28119237861094, 91.45666871542717, 86.63567916410571, 89.7318684695759, 82.04133374308543, 82.5522433927474, 88.2298709280885, 86.240012292563, 86.30915795943454, 88.11462814996926, 85.89428395820529, 80.98494161032576, 79.80178242163491, 83.95052243392747, 85.22971727105102, 84.64966195451751]
loss:[2.234591706126344, 2.2194712547694935, 1.7432123948546017, 0.948609435675191, 0.807484947291075, 0.7347908449523589, 0.7123698545437233, 0.7231717477826511, 0.714710866411527, 0.683517875624638, 0.6885578249599419, 0.7151238538470923, 0.703686988529037, 0.6893691072861353, 0.6799761366610434, 0.6879578633051292, 0.6870669313505584, 0.699932820072361, 0.7183438942712896, 0.6762443769211862, 0.6697061932554432, 0.680231495815165, 0.6812085342757842, 0.6723250387346044, 0.6881431040226245, 0.6730028598331937, 0.686848584635585, 0.6667288611916935, 0.6709009476152121, 0.6717162979584114, 0.6985931142288095, 0.681653665561302, 0.6803043838225159, 0.6815360559552324, 0.7010841740697038, 0.7135278865987179, 0.7134971498858695, 0.6846251037775302, 0.6742526333706051, 0.6942199021577835, 0.7013602502205792, 0.7028952188351575, 0.6938798141245749, 0.7371405447814979, 0.6927531948860954, 0.7153785252103618, 0.7039201519652909, 0.7041008267916885, 0.7345449322578954, 0.7041733779159247, 0.7261950505130431, 0.7021480848391851, 0.7583823160213583, 0.7335711901678759, 0.7684510464177412, 0.7351204340948778, 0.7446726990096709, 0.7631310849797492, 0.7397424388749927, 0.7107367714246114, 0.7152241233224962, 0.735516149039362, 0.7871094430778541, 0.7319882088432125, 0.7442438155412674, 0.7367132642105514]
