{'num_clients': 10, 'com_round': 500, 'model': 'SimpleCNN', 'sample_ratio': 1.0, 'batch_size': 128, 'epochs': 5, 'lr': 0.01, 'weight_decay': 0.01, 'momentum': 0.9, 'centralized': False, 'partition': 'iid', 'dir_alpha': 0.1, 'major_classes_num': 2, 'min_require_size': 10, 'noise_mode': 'sym', 'globalize': True, 'noise_ratio': 0.4, 'min_noise_ratio': 0.0, 'max_noise_ratio': 1.0, 'criterion': 'ce', 'sce_alpha': 0.1, 'sce_beta': 1.0, 'loss_scale': 1.0, 'gce_q': 0.7, 'focal_alpha': None, 'focal_gamma': 0.0, 'dataset': 'mnist', 'data_dir': '../fedNLLdata/mnist', 'out_dir': '../Fed-Noisy-checkpoint/', 'save_best': False, 'seed': 5, 'cuda': True}
acc:[88.51, 94.39999999999999, 96.19, 96.89999999999999, 97.11999999999999, 97.39999999999999, 97.59, 97.68, 97.78999999999999]
loss:[0.9691291081754467, 0.7125508555128605, 0.6838246817830242, 0.667181857024567, 0.6544462491439867, 0.6190806193442284, 0.6441219181199617, 0.65751562276973, 0.6347495540033413]
