dataset : cifar100
partition : noniid-#label
dir_alpha : 0.1
num_clients : 20
major_classes_num : 30
min_require_size : 10
globalize : False
noise_mode : asym
true_noise_ratio : [0.380672268907563, 0.3098360655737705, 0.37187751813053993, 0.31415174765558396, 0.49856144677353065, 0.3872530749161387, 0.3882725832012678, 0.3643166601024025, 0.49266862170087977, 0.39337474120082816, 0.3229238160603981, 0.3652525252525253, 0.37790460660415814, 0.4738675958188153, 0.3997434801197093, 0.3691538736165655, 0.30914953647722687, 0.3018325547969817, 0.47857142857142854, 0.4993875051041241]
noise_ratio : [0.380896214341818, 0.31007898174976095, 0.3720531767043457, 0.3142891249972753, 0.49893120923751555, 0.38758217097607567, 0.3885120375942595, 0.36466998434839704, 0.4929349271065713, 0.3934091288783119, 0.32312329296398606, 0.3653841632854302, 0.3779634569181711, 0.47419245031150337, 0.400077859545284, 0.3694463505027808, 0.3094225215196543, 0.30207886577633264, 0.4788177308247379, 0.4996125500576143]
