{'num_clients': 10, 'com_round': 500, 'model': 'VGG16', 'sample_ratio': 1.0, 'batch_size': 128, 'epochs': 5, 'lr': 0.01, 'weight_decay': 0.0005, 'momentum': 0.9, 'centralized': False, 'partition': 'noniid-quantity', 'dir_alpha': 0.1, 'major_classes_num': 2, 'min_require_size': 10, 'noise_mode': 'asym', 'globalize': True, 'noise_ratio': 0.4, 'min_noise_ratio': 0.0, 'max_noise_ratio': 1.0, 'criterion': 'ce', 'sce_alpha': 0.1, 'sce_beta': 1.0, 'loss_scale': 1.0, 'gce_q': 0.7, 'focal_alpha': None, 'focal_gamma': 0.0, 'mixup': False, 'mixup_alpha': 1.0, 'coteaching': False, 'coteaching_forget_rate': None, 'coteaching_exponent': 1, 'coteaching_num_gradual': 10, 'dataset': 'cifar10', 'data_dir': '../fedNLLdata/cifar10', 'out_dir': '../Fed-Noisy-checkpoint/', 'save_best': False, 'seed': 3, 'cuda': True}
acc:[40.53, 54.190000000000005, 73.52, 74.42999999999999, 74.94, 77.19, 80.04, 81.21000000000001, 80.81, 81.74, 79.67, 81.06, 83.12, 82.39999999999999, 82.39999999999999, 80.52, 82.89, 83.13000000000001, 81.22, 80.17, 82.48, 79.17, 78.4, 79.43, 80.73, 79.28, 78.0, 75.28, 77.83, 76.75, 77.03, 76.73, 75.77000000000001, 75.08, 75.5, 74.62, 75.33999999999999, 73.08, 74.76, 74.74, 75.01, 72.02, 74.2, 72.71, 73.94, 71.72, 74.91, 74.22, 76.27000000000001, 74.03, 73.8, 73.61, 75.38, 72.78999999999999, 72.33000000000001, 72.92999999999999, 75.17, 73.47, 72.43, 74.16, 74.02, 74.18, 73.33, 71.91, 72.45, 72.56, 73.47, 73.5, 74.4, 73.92999999999999, 73.28]
loss:[1.684259668181214, 1.1387475457372545, 0.8044999747336665, 0.7193644476842277, 0.7388421455516091, 0.6625354531445081, 0.6371354543710057, 0.6519967476023903, 0.6634703203092648, 0.6233335280720191, 0.6530421481856817, 0.6585249863093412, 0.6311814818955674, 0.6426265511331679, 0.6176451897319359, 0.6611949605277821, 0.6170838045168526, 0.6166667029072966, 0.6760668399967725, 0.6996469475045989, 0.6214819071413595, 0.7023107703728012, 0.7369813813438898, 0.6804363127750687, 0.6728501840482785, 0.6651511871362035, 0.7081786050826688, 0.742990417948252, 0.7124224671080143, 0.7129108679445484, 0.6882870570768284, 0.7510872513433046, 0.7827686871154399, 0.7433161746852005, 0.7510462339165844, 0.8155685659450821, 0.8222897927972335, 0.8502897393854358, 0.8289644967151594, 0.8024745704252508, 0.8160281592532049, 0.8518168926239014, 0.8572282195091248, 0.8663292900670932, 0.8299293216270737, 0.9080856947959224, 0.8159674315512935, 0.8364363471163979, 0.803152642672575, 0.8838840428786942, 0.8561657787878302, 0.853540364322783, 0.8325380445281162, 0.8847550757323639, 0.9109954585002947, 0.9170756087272982, 0.839970136367822, 0.8733519753323326, 0.9297182227991805, 0.8648449778556824, 0.8743818417380128, 0.9125287713883798, 0.9046981327141388, 0.9143360204334501, 0.9185278132746492, 0.951485111743589, 0.8952642890471446, 0.8812293945988522, 0.8399420274963861, 0.8780824474141568, 0.8568912963323956]
