dataset : cifar100
partition : iid
dir_alpha : 0.1
num_clients : 20
major_classes_num : 2
min_require_size : 10
globalize : True
noise_mode : sym
true_noise_ratio : [0.40359999999999996, 0.382, 0.38439999999999996, 0.4224, 0.40080000000000005, 0.388, 0.39280000000000004, 0.3952, 0.38880000000000003, 0.40759999999999996, 0.39959999999999996, 0.40680000000000005, 0.38839999999999997, 0.4032, 0.4072, 0.4184, 0.4144, 0.3984, 0.402, 0.396]
noise_ratio : [0.4, 0.4, 0.4, 0.4, 0.4, 0.4, 0.4, 0.4, 0.4, 0.4, 0.4, 0.4, 0.4, 0.4, 0.4, 0.4, 0.4, 0.4, 0.4, 0.4]
