{'num_clients': 10, 'com_round': 500, 'model': 'VGG16', 'sample_ratio': 1.0, 'batch_size': 128, 'epochs': 5, 'lr': 0.01, 'weight_decay': 0.0005, 'momentum': 0.9, 'centralized': False, 'partition': 'iid', 'dir_alpha': 0.1, 'major_classes_num': 2, 'min_require_size': 10, 'noise_mode': 'asym', 'globalize': True, 'noise_ratio': 0.4, 'min_noise_ratio': 0.0, 'max_noise_ratio': 1.0, 'criterion': 'ce', 'sce_alpha': 0.1, 'sce_beta': 1.0, 'loss_scale': 1.0, 'gce_q': 0.7, 'focal_alpha': None, 'focal_gamma': 0.0, 'mixup': False, 'mixup_alpha': 1.0, 'dataset': 'svhn', 'data_dir': '../fedNLLdata/svhn', 'out_dir': '../Fed-Noisy-checkpoint/', 'save_best': False, 'seed': 1, 'cuda': True}
acc:[15.938076213890595, 15.938076213890595, 15.938076213890595, 15.938076213890595, 15.938076213890595, 15.938076213890595, 15.938076213890595, 15.938076213890595, 16.02258758451137, 24.550553165334975, 26.137062077443147, 27.28180700676091, 30.554701905347265, 32.85955746773202, 45.37876459741857, 54.23709280885064, 55.40872771972957, 59.78027043638598, 60.16057160417947, 63.49492931776275, 74.04732636754764, 79.6020282728949, 82.51767055931161, 84.23862937922557, 87.2080516287646, 86.86232329440688, 89.35925015365703, 89.39766441303011, 89.81637984019667, 90.54625076828519, 91.67178856791641, 91.93300553165335, 92.32098955132145, 92.54763368162261, 92.67824216349109, 93.01628764597419, 92.99708051628764, 93.31976029502151, 93.06238475722188, 93.4542102028273, 93.57713583282114, 93.78457283343577, 93.83451137062077, 93.75384142593731, 93.69237861094038, 93.6539643515673, 93.68469575906576, 93.87292562999386, 93.83066994468346, 93.93438844499077, 93.95359557467732, 93.87292562999386, 93.85371850030731, 93.9420712968654, 94.09572833435772, 93.76152427781193, 94.25706822372464, 94.17255685310387, 94.03042409342348, 94.21481253841426, 94.11493546404427, 94.00353411186232, 93.93054701905346, 94.0419483712354, 94.06115550092194, 94.14566687154272, 93.99200983405039, 93.8959741856177, 94.02274124154887, 94.1341425937308, 93.91902274124155, 93.76152427781193, 94.02274124154887, 93.91133988936693, 94.03426551936079, 93.91902274124155, 93.7960971112477, 93.69622003687769, 93.65012292563, 93.4618930547019, 93.50030731407499, 93.62323294406883, 93.59250153657037]
loss:[2.235165130858328, 2.235033034109602, 2.2347045564184, 2.234492444524578, 2.234431237566705, 2.233902023119085, 2.2321764569656524, 2.2294272242807875, 2.2414359052975974, 2.0425720209000158, 1.9910959022886612, 1.9467944204807281, 1.8859184524592232, 1.78859676917394, 1.5797017993880254, 1.4100314583264144, 1.2562488755759071, 1.0939193315365736, 1.0252358261861054, 0.9723325035735673, 0.8903906707670174, 0.8537102812061123, 0.8146821155267603, 0.7976247899088205, 0.7739510860513238, 0.7571432979083529, 0.7573337440981585, 0.7678767054104337, 0.7393966659026987, 0.7467483752498439, 0.7230753343479306, 0.7129711055872487, 0.6988492716176837, 0.6983378459425533, 0.6997700935485316, 0.7095672800844791, 0.7074183026949564, 0.6886657929303599, 0.6998494945320428, 0.694111759463946, 0.6814036062535118, 0.688458625884617, 0.6878615167795443, 0.6832892421413871, 0.6886572308984458, 0.6963579073256138, 0.6882423188756494, 0.6772896723420012, 0.6865104574198816, 0.6803328952952927, 0.693993443367528, 0.6886615636301976, 0.6914055911349315, 0.6853581143944871, 0.6796394644999036, 0.6761173342957216, 0.6736703561801537, 0.6749152631736269, 0.6838801900545756, 0.6720349233524472, 0.6880684719950545, 0.695055175353499, 0.6784240834268869, 0.6926722015235939, 0.6762354292121588, 0.6785926243253783, 0.6839994396649155, 0.690690639556623, 0.6923648615678152, 0.6816416268839556, 0.6914560049772263, 0.7031477006042705, 0.6793843779493781, 0.6813696491367677, 0.6805538602319419, 0.6820262737718283, 0.6897822089639365, 0.6918300752546273, 0.6972222620365667, 0.6859310289808348, 0.6921635971349829, 0.6879487230497248, 0.6884724696477255]
