dataset : cifar100
partition : iid
dir_alpha : 0.1
num_clients : 100
major_classes_num : 2
min_require_size : 10
globalize : False
noise_mode : asym
true_noise_ratio : [0.41000000000000003, 0.34199999999999997, 0.42400000000000004, 0.45399999999999996, 0.478, 0.496, 0.32199999999999995, 0.32199999999999995, 0.35, 0.388, 0.44599999999999995, 0.368, 0.40800000000000003, 0.32799999999999996, 0.492, 0.41200000000000003, 0.31599999999999995, 0.42600000000000005, 0.396, 0.31799999999999995, 0.482, 0.32799999999999996, 0.478, 0.38, 0.42200000000000004, 0.344, 0.4, 0.344, 0.43000000000000005, 0.496, 0.38, 0.32999999999999996, 0.41000000000000003, 0.32399999999999995, 0.494, 0.43999999999999995, 0.42400000000000004, 0.41000000000000003, 0.32599999999999996, 0.33599999999999997, 0.498, 0.352, 0.386, 0.42800000000000005, 0.474, 0.354, 0.494, 0.384, 0.41000000000000003, 0.41800000000000004, 0.32399999999999995, 0.366, 0.392, 0.36, 0.45599999999999996, 0.41800000000000004, 0.33399999999999996, 0.49, 0.42800000000000005, 0.41400000000000003, 0.382, 0.32999999999999996, 0.354, 0.38, 0.368, 0.30800000000000005, 0.378, 0.38, 0.40800000000000003, 0.384, 0.44199999999999995, 0.41600000000000004, 0.32799999999999996, 0.348, 0.45599999999999996, 0.46799999999999997, 0.494, 0.42200000000000004, 0.484, 0.33599999999999997, 0.348, 0.498, 0.32599999999999996, 0.41400000000000003, 0.30800000000000005, 0.37, 0.30800000000000005, 0.30400000000000005, 0.376, 0.396, 0.33599999999999997, 0.394, 0.354, 0.31000000000000005, 0.46399999999999997, 0.32199999999999995, 0.366, 0.31799999999999995, 0.43400000000000005, 0.354]
noise_ratio : [0.4104895695008678, 0.343460191046035, 0.42539329293937783, 0.45593883617850106, 0.4782031064541908, 0.496401792598822, 0.3224117135448521, 0.3231767808545366, 0.35167964787997413, 0.38862422288221765, 0.44615497428501427, 0.3687743569390958, 0.4097022056070406, 0.3297164078452581, 0.4927080224609288, 0.41252810577773413, 0.317399423194437, 0.4273948602917107, 0.3967017510977646, 0.3180027463821294, 0.48291351952449796, 0.32815701483160586, 0.4793235716455789, 0.3818767751205725, 0.4225754121620148, 0.34578276484172676, 0.4001692738628644, 0.3456344758544057, 0.4309546130396489, 0.4971525326172522, 0.38013780139850145, 0.33001509366873244, 0.41059540737338146, 0.3252056031933655, 0.4958344293259498, 0.44135683218706834, 0.424160842880483, 0.4119831301079557, 0.32797468485270237, 0.3370748434441109, 0.4999626860108108, 0.35389962771996064, 0.38740496427527943, 0.42941899411225787, 0.4754438435633254, 0.35421173849912213, 0.49490070850040746, 0.38529242034773903, 0.41197569531416145, 0.4182924729211836, 0.32569896506974877, 0.36795099133661535, 0.3933257022692359, 0.36173519814122423, 0.4565910689973979, 0.41824427449307705, 0.3347815870703121, 0.49098161562620646, 0.42964927563493804, 0.415500374797815, 0.3825101403632516, 0.3317765002687541, 0.3547232089077201, 0.3804365663164301, 0.3688679332189016, 0.3097944719310033, 0.37910252718087956, 0.3800821641401358, 0.4085759885311632, 0.3855893386777926, 0.4425743657495902, 0.4175550890725798, 0.3297797493975231, 0.34919187825053244, 0.45617171247992927, 0.4692755580982668, 0.49521016845380844, 0.42273306296989954, 0.48593493266256416, 0.3372398639159447, 0.34837146589749574, 0.4990964806621931, 0.32766026748132054, 0.4148151857710901, 0.3084543431148653, 0.37143699785885514, 0.30874437554143047, 0.30496053564154985, 0.3765924989773836, 0.3977664773455017, 0.33640064899556793, 0.3942801368792609, 0.3557204898622307, 0.31011626042524965, 0.4653657666189293, 0.32230682032651453, 0.36706526919392, 0.31804905188562643, 0.4353749100135399, 0.3559613426034075]
