{'num_clients': 10, 'com_round': 500, 'model': 'SimpleCNN', 'sample_ratio': 1.0, 'batch_size': 128, 'epochs': 5, 'lr': 0.01, 'weight_decay': 0.01, 'momentum': 0.9, 'centralized': False, 'partition': 'iid', 'dir_alpha': 0.1, 'major_classes_num': 2, 'min_require_size': 10, 'noise_mode': 'clean', 'globalize': True, 'noise_ratio': 0.0, 'min_noise_ratio': 0.0, 'max_noise_ratio': 1.0, 'criterion': 'ce', 'sce_alpha': 0.1, 'sce_beta': 1.0, 'loss_scale': 1.0, 'gce_q': 0.7, 'focal_alpha': None, 'focal_gamma': 0.0, 'dataset': 'mnist', 'data_dir': '../fedNLLdata/mnist', 'out_dir': '../Fed-Noisy-checkpoint/', 'save_best': False, 'seed': 2, 'cuda': True}
acc:[94.66, 96.77, 97.41, 97.59, 97.85000000000001, 97.97, 98.03, 98.13, 98.18, 98.3, 98.27, 98.31, 98.39, 98.35000000000001, 98.37, 98.35000000000001, 98.5, 98.28, 98.42999999999999]
loss:[0.1658812943563054, 0.10366308103504154, 0.085503676872335, 0.07727132683260296, 0.06961967436526018, 0.0666738058892786, 0.06303483710913106, 0.06078159424352542, 0.0590081242166601, 0.05673722949474343, 0.057522020451547695, 0.054922036833241816, 0.055631356738224814, 0.053790296357909, 0.053741327950383146, 0.05302777307924426, 0.05220290570508076, 0.0532178904837634, 0.051424288400890944]
