{'num_clients': 10, 'com_round': 500, 'model': 'SimpleCNN', 'sample_ratio': 1.0, 'batch_size': 128, 'epochs': 5, 'lr': 0.01, 'weight_decay': 0.01, 'momentum': 0.9, 'centralized': False, 'partition': 'iid', 'dir_alpha': 0.1, 'major_classes_num': 2, 'min_require_size': 10, 'noise_mode': 'sym', 'globalize': True, 'noise_ratio': 0.4, 'min_noise_ratio': 0.0, 'max_noise_ratio': 1.0, 'criterion': 'ce', 'sce_alpha': 0.1, 'sce_beta': 1.0, 'loss_scale': 1.0, 'gce_q': 0.7, 'focal_alpha': None, 'focal_gamma': 0.0, 'dataset': 'mnist', 'data_dir': '../fedNLLdata/mnist', 'out_dir': '../Fed-Noisy-checkpoint/', 'save_best': False, 'seed': 3, 'cuda': True}
acc:[88.47, 94.72, 95.97, 96.54, 96.78, 97.17, 97.36, 97.47, 97.53, 97.67, 97.72999999999999, 97.68, 97.8]
loss:[1.0134000189696686, 0.7303735783583001, 0.6776389087302775, 0.6437373779997041, 0.6558679281910763, 0.6409627040730247, 0.6317713947235784, 0.623932922942729, 0.6243209884136538, 0.6306628494323054, 0.6113952896263026, 0.6476123125492772, 0.6297383640385881]
