{'num_clients': 10, 'com_round': 500, 'model': 'VGG16', 'sample_ratio': 1.0, 'batch_size': 128, 'epochs': 5, 'lr': 0.05, 'weight_decay': 0.0005, 'momentum': 0.9, 'centralized': False, 'partition': 'iid', 'dir_alpha': 0.1, 'major_classes_num': 2, 'min_require_size': 10, 'noise_mode': 'clean', 'globalize': True, 'noise_ratio': 0.0, 'min_noise_ratio': 0.0, 'max_noise_ratio': 1.0, 'criterion': 'ce', 'sce_alpha': 0.1, 'sce_beta': 1.0, 'loss_scale': 1.0, 'gce_q': 0.7, 'focal_alpha': None, 'focal_gamma': 0.0, 'dataset': 'cifar10', 'data_dir': '../fedNLLdata/cifar10', 'out_dir': '../Fed-Noisy-checkpoint/', 'save_best': False, 'seed': 1, 'cuda': True}
acc:[10.0, 10.25, 16.73, 20.48, 21.36, 23.56, 21.15, 22.75, 21.490000000000002, 25.669999999999998, 31.44, 27.200000000000003, 28.22, 21.54, 30.819999999999997, 35.06, 39.43, 41.29, 52.0, 50.6, 38.800000000000004, 58.47, 61.17, 68.14, 63.370000000000005, 49.03, 70.06, 66.31, 73.54, 76.42, 10.0, 10.0, 10.0, 10.0, 10.0, 10.0, 10.0, 10.0, 10.0, 10.0, 10.0, 10.0, 10.0, 10.0, 10.0, 10.0, 10.0, 10.0, 10.0, 10.0, 10.0, 10.0, 10.0, 10.0, 10.0, 10.0, 10.0, 10.0, 10.0]
loss:[2.3372517597826223, 2.302451616601099, 2.1806384491015085, 1.972414808937266, 1.8814893040475966, 1.853954479664187, 1.8484469908702224, 1.8546473497076879, 1.8887626415566554, 1.899438903301577, 1.7218265352369864, 1.7257410121869436, 1.6798304274112363, 2.1592644121073468, 1.7830726889115345, 1.5789281944685345, 1.4603545047059845, 1.462574913531919, 1.343323381641243, 1.2827513489542128, 1.755328647698028, 1.1677101231828522, 1.06298664551747, 0.9650020244755323, 1.1013489395757265, 1.6545962759211092, 0.9203499268881882, 1.0126842796048032, 0.8149624195279954, 0.7192347385460818, nan, nan, nan, nan, nan, nan, nan, nan, nan, nan, nan, nan, nan, nan, nan, nan, nan, nan, nan, nan, nan, nan, nan, nan, nan, nan, nan, nan, nan]
