{'num_clients': 10, 'com_round': 500, 'model': 'SimpleCNN', 'sample_ratio': 1.0, 'batch_size': 128, 'epochs': 5, 'lr': 0.01, 'weight_decay': 0.01, 'momentum': 0.9, 'centralized': False, 'partition': 'noniid-#label', 'dir_alpha': 0.1, 'major_classes_num': 2, 'min_require_size': 10, 'noise_mode': 'sym', 'globalize': True, 'noise_ratio': 0.4, 'min_noise_ratio': 0.0, 'max_noise_ratio': 1.0, 'criterion': 'ce', 'sce_alpha': 0.1, 'sce_beta': 1.0, 'loss_scale': 1.0, 'gce_q': 0.7, 'focal_alpha': None, 'focal_gamma': 0.0, 'dataset': 'mnist', 'data_dir': '../fedNLLdata/mnist', 'out_dir': '../Fed-Noisy-checkpoint/', 'save_best': False, 'seed': 3, 'cuda': True}
acc:[25.019999999999996, 27.169999999999998, 29.160000000000004, 28.389999999999997, 30.020000000000003, 28.88, 30.599999999999998, 28.26, 28.52, 29.13, 28.38, 27.029999999999998]
loss:[2.2658754873879348, 2.2149126801309706, 2.1801481005511705, 2.1585646430148353, 2.1449156320547758, 2.141762344143059, 2.140480032450036, 2.1414063821865033, 2.140272644501698, 2.136029454726207, 2.1384939815424664, 2.1357879246337506]
