{'num_clients': 10, 'com_round': 500, 'model': 'SimpleCNN', 'sample_ratio': 1.0, 'batch_size': 128, 'epochs': 5, 'lr': 0.01, 'weight_decay': 0.01, 'momentum': 0.9, 'centralized': False, 'partition': 'noniid-#label', 'dir_alpha': 0.1, 'major_classes_num': 2, 'min_require_size': 10, 'noise_mode': 'sym', 'globalize': True, 'noise_ratio': 0.4, 'min_noise_ratio': 0.0, 'max_noise_ratio': 1.0, 'criterion': 'ce', 'sce_alpha': 0.1, 'sce_beta': 1.0, 'loss_scale': 1.0, 'gce_q': 0.7, 'focal_alpha': None, 'focal_gamma': 0.0, 'dataset': 'mnist', 'data_dir': '../fedNLLdata/mnist', 'out_dir': '../Fed-Noisy-checkpoint/', 'save_best': False, 'seed': 2, 'cuda': True}
acc:[32.08, 39.25, 41.48, 39.85, 37.35, 36.74, 33.989999999999995, 36.05, 31.77, 31.39, 29.29, 27.229999999999997, 26.150000000000002, 25.759999999999998, 26.71, 25.72, 25.19]
loss:[2.25483517405353, 2.2053434396091895, 2.175567584701731, 2.1543047096155865, 2.144884112515027, 2.1418638470806655, 2.1395864154719098, 2.1439006117325796, 2.143080083629753, 2.1456535134134413, 2.149941553043414, 2.149579268467577, 2.154090993012054, 2.153754880156698, 2.155157173736186, 2.156246976007389, 2.1587787670425223]
