{'num_clients': 10, 'com_round': 500, 'model': 'SimpleCNN', 'sample_ratio': 1.0, 'batch_size': 128, 'epochs': 5, 'lr': 0.01, 'weight_decay': 0.01, 'momentum': 0.9, 'centralized': False, 'partition': 'noniid-#label', 'dir_alpha': 0.1, 'major_classes_num': 2, 'min_require_size': 10, 'noise_mode': 'sym', 'globalize': True, 'noise_ratio': 0.8, 'min_noise_ratio': 0.0, 'max_noise_ratio': 1.0, 'criterion': 'ce', 'sce_alpha': 0.1, 'sce_beta': 1.0, 'loss_scale': 1.0, 'gce_q': 0.7, 'focal_alpha': None, 'focal_gamma': 0.0, 'dataset': 'mnist', 'data_dir': '../fedNLLdata/mnist', 'out_dir': '../Fed-Noisy-checkpoint/', 'save_best': False, 'seed': 4, 'cuda': True}
acc:[19.15, 27.22, 27.11, 31.130000000000003, 32.97, 28.199999999999996, 26.740000000000002, 27.839999999999996, 22.439999999999998, 25.41, 27.36, 24.92, 24.04, 25.679999999999996, 24.22]
loss:[2.2859452404553378, 2.2746280748632888, 2.2682157136216947, 2.2622541174103943, 2.2594739787186247, 2.2573344798027715, 2.2556673756128625, 2.255722558951076, 2.2546393871307373, 2.25705624532096, 2.2561821937561035, 2.255461466463306, 2.255667420882213, 2.256478086302552, 2.2580078583729417]
