dataset : cifar100
partition : noniid-#label
dir_alpha : 0.1
num_clients : 20
major_classes_num : 30
min_require_size : 10
globalize : True
noise_mode : asym
true_noise_ratio : [0.3886554621848739, 0.4122950819672131, 0.3980660757453667, 0.38363171355498726, 0.38882038635429506, 0.398434588147596, 0.40372424722662437, 0.3847971642378889, 0.4005027230833682, 0.41076604554865426, 0.4159231297185999, 0.3983838383838384, 0.40521810028536487, 0.4050522648083623, 0.39375801624625906, 0.39557300963941444, 0.3982265215638855, 0.4049586776859504, 0.4046218487394958, 0.4054716210698244]
noise_ratio : [0.4, 0.4, 0.4, 0.4, 0.4, 0.4, 0.4, 0.4, 0.4, 0.4, 0.4, 0.4, 0.4, 0.4, 0.4, 0.4, 0.4, 0.4, 0.4, 0.4]
