{'num_clients': 10, 'com_round': 500, 'model': 'SimpleCNN', 'sample_ratio': 1.0, 'batch_size': 128, 'epochs': 5, 'lr': 0.01, 'weight_decay': 0.01, 'momentum': 0.9, 'centralized': False, 'partition': 'iid', 'dir_alpha': 0.1, 'major_classes_num': 2, 'min_require_size': 10, 'noise_mode': 'clean', 'globalize': True, 'noise_ratio': 0.0, 'min_noise_ratio': 0.0, 'max_noise_ratio': 1.0, 'criterion': 'ce', 'sce_alpha': 0.1, 'sce_beta': 1.0, 'loss_scale': 1.0, 'gce_q': 0.7, 'focal_alpha': None, 'focal_gamma': 0.0, 'dataset': 'mnist', 'data_dir': '../fedNLLdata/mnist', 'out_dir': '../Fed-Noisy-checkpoint/', 'save_best': False, 'seed': 3, 'cuda': True}
acc:[95.04, 97.06, 97.68, 97.98, 98.02, 98.13, 98.3, 98.37, 98.3, 98.38, 98.48, 98.45, 98.47]
loss:[0.1639483357084137, 0.09167909423254808, 0.07519555194421282, 0.06771046279257611, 0.06415928521818376, 0.06107048976199725, 0.05889348592609167, 0.05606910101244155, 0.056498691034385394, 0.055767448666163635, 0.05394196589005804, 0.054874390474214114, 0.05346041198678409]
