{'num_clients': 10, 'com_round': 500, 'model': 'SimpleCNN', 'sample_ratio': 1.0, 'batch_size': 128, 'epochs': 5, 'lr': 0.01, 'weight_decay': 0.01, 'momentum': 0.9, 'centralized': False, 'partition': 'iid', 'dir_alpha': 0.1, 'major_classes_num': 2, 'min_require_size': 10, 'noise_mode': 'asym', 'globalize': True, 'noise_ratio': 0.4, 'min_noise_ratio': 0.0, 'max_noise_ratio': 1.0, 'criterion': 'ce', 'sce_alpha': 0.1, 'sce_beta': 1.0, 'loss_scale': 1.0, 'gce_q': 0.7, 'focal_alpha': None, 'focal_gamma': 0.0, 'dataset': 'mnist', 'data_dir': '../fedNLLdata/mnist', 'out_dir': '../Fed-Noisy-checkpoint/', 'save_best': False, 'seed': 2, 'cuda': True}
acc:[89.75999999999999, 93.77, 94.77, 96.31, 96.13000000000001, 96.55, 96.87, 96.76, 97.42, 96.00999999999999, 97.16, 97.23, 97.2, 97.38, 96.94, 97.21, 97.19, 96.94, 97.11999999999999, 97.28]
loss:[0.43350987136363983, 0.3632061034440994, 0.34020624432382707, 0.323123632729808, 0.3275183948534953, 0.3288173151167133, 0.3141410816696626, 0.316504756106606, 0.30576700405983986, 0.30835880131661136, 0.30664053540441055, 0.3156464048956014, 0.31145521828645395, 0.3026610776970658, 0.300343305627002, 0.3002589676953569, 0.3041444305754915, 0.30215846662279927, 0.30073372057721587, 0.30265290412721757]
