{'num_clients': 10, 'com_round': 500, 'model': 'SimpleCNN', 'sample_ratio': 1.0, 'batch_size': 128, 'epochs': 5, 'lr': 0.01, 'weight_decay': 0.01, 'momentum': 0.9, 'centralized': False, 'partition': 'noniid-#label', 'dir_alpha': 0.1, 'major_classes_num': 2, 'min_require_size': 10, 'noise_mode': 'clean', 'globalize': True, 'noise_ratio': 0.0, 'min_noise_ratio': 0.0, 'max_noise_ratio': 1.0, 'criterion': 'ce', 'sce_alpha': 0.1, 'sce_beta': 1.0, 'loss_scale': 1.0, 'gce_q': 0.7, 'focal_alpha': None, 'focal_gamma': 0.0, 'dataset': 'mnist', 'data_dir': '../fedNLLdata/mnist', 'out_dir': '../Fed-Noisy-checkpoint/', 'save_best': False, 'seed': 3, 'cuda': True}
acc:[16.78, 26.06, 30.490000000000002, 33.78, 34.17, 31.94, 28.54, 31.119999999999997, 28.78, 27.98, 25.019999999999996, 27.689999999999998, 24.77, 25.569999999999997]
loss:[2.2492316252068627, 2.087070216106463, 1.93540179427666, 1.8206109140492692, 1.7652831998052476, 1.774728983263426, 1.7566618074344684, 1.7442999157724501, 1.7317045383815524, 1.7501217941694622, 1.7706472843508176, 1.7527117880084846, 1.7748035962068582, 1.7801270349116265]
