{'num_clients': 10, 'com_round': 1000, 'model': 'ResNet18', 'sample_ratio': 1.0, 'batch_size': 128, 'epochs': 5, 'lr': 0.01, 'weight_decay': 0.0005, 'momentum': 0.5, 'centralized': False, 'partition': 'noniid-labeldir', 'dir_alpha': 0.3, 'major_classes_num': 2, 'min_require_size': 10, 'noise_mode': 'asym', 'globalize': True, 'noise_ratio': 0.4, 'min_noise_ratio': 0.0, 'max_noise_ratio': 1.0, 'dataset': 'svhn', 'raw_data_dir': '../raw_datasets/svhn', 'data_dir': '../fedNLLdata/svhn', 'out_dir': '../Fed-Noisy-checkpoint/', 'save_best': False, 'seed': 1, 'cuda': True}
acc:[16.02258758451137, 25.96035648432698, 35.57160417947142, 40.261985248924404, 49.33543331284573, 50.314996926859244, 58.05547019053473, 59.76874615857406, 60.07221880762139, 62.43469575906576, 64.63583282114321, 64.870159803319, 69.41072526121697, 62.82267977873387, 67.57068223724647, 66.230024585126, 66.18776889981561, 67.61293792255685, 67.81269207129687, 61.80470190534727, 67.8818377381684, 66.59496004917025, 65.05070682237246, 64.3861401352182, 68.15457897971727, 66.93684695759066, 67.32867240319607, 68.80377996312231, 69.59127228027043, 68.56561155500923, 67.37476951444377, 70.60156730178242, 66.87538414259373, 70.24047326367547, 66.5757529194837, 65.1160110633067, 64.35156730178242, 68.85371850030731, 66.62185003073141, 65.0660725261217, 69.64121081745543, 65.68070067609096, 65.92655193607867, 67.1980639213276, 65.56545789797173, 67.50537799631223, 67.5860479409957, 69.22633681622618, 67.25184388444991, 69.10341118623234, 67.83958205285802, 62.36170866625691, 66.20313460356483, 64.75491702519976, 66.9137984019668, 68.86524277811924, 62.903349723417335, 64.31699446834665, 65.96112476951444, 64.48217578365089, 67.41702519975415, 66.13783036263061, 65.85740626920713, 62.96865396435156, 65.28503380454825, 63.76382913337431, 64.45912722802704, 64.65119852489244, 67.27105101413645, 63.49492931776275, 60.9480639213276, 59.983866011063306, 61.724031960663794, 64.55900430239706]
loss:[2.265577666899737, 1.9975646979668562, 1.737850486647849, 1.5200656897881453, 1.3906892169924343, 1.2443291837093877, 1.155885036961705, 1.100201037292387, 1.050272276296335, 1.036192937224519, 1.018318192339411, 0.9976251286034491, 0.9616564912538902, 0.9573666964675865, 0.9473816357991275, 0.9310421522925881, 0.9216971245466494, 0.901616750978956, 0.9292250766473658, 0.9233578665583742, 0.8968164660767013, 0.8960679676018509, 0.9049577555235695, 0.9245446470438266, 0.9089716994294933, 0.8835871666669846, 0.8691520936348859, 0.8514317627630982, 0.8696030986075308, 0.8712932397337521, 0.8685321395888048, 0.8428462507093654, 0.8643557104994269, 0.8291655457487294, 0.8382181501856037, 0.8915713017477709, 0.884933093307065, 0.8647855756913915, 0.8568650869762197, 0.8881072159491333, 0.8492853036698174, 0.8771398625537461, 0.8591851107045716, 0.8532821921741262, 0.8789792969530704, 0.8514200311665442, 0.836570162691322, 0.8282365053892136, 0.8742529793697245, 0.8755649643785813, 0.8626063726111954, 0.9090297412054211, 0.8835326891903784, 0.8840688876077241, 0.8670421228104946, 0.8377360841807198, 0.8981149637815999, 0.8853132213447609, 0.8630413711071014, 0.8906319144309736, 0.8617296560722238, 0.8847805556713366, 0.8782259389465931, 0.9336925175260095, 0.8959807543193593, 0.8932560328759399, 0.8855119505349327, 0.8935607262686187, 0.8752621941122354, 0.9245827782387827, 0.9410926790214053, 0.9695907784443275, 0.9537112186936771, 0.9161423696022407]
