{'num_clients': 10, 'com_round': 500, 'model': 'SimpleCNN', 'sample_ratio': 1.0, 'batch_size': 128, 'epochs': 5, 'lr': 0.01, 'weight_decay': 0.01, 'momentum': 0.9, 'centralized': False, 'partition': 'iid', 'dir_alpha': 0.1, 'major_classes_num': 2, 'min_require_size': 10, 'noise_mode': 'clean', 'globalize': True, 'noise_ratio': 0.0, 'min_noise_ratio': 0.0, 'max_noise_ratio': 1.0, 'criterion': 'ce', 'sce_alpha': 0.1, 'sce_beta': 1.0, 'loss_scale': 1.0, 'gce_q': 0.7, 'focal_alpha': None, 'focal_gamma': 0.0, 'dataset': 'mnist', 'data_dir': '../fedNLLdata/mnist', 'out_dir': '../Fed-Noisy-checkpoint/', 'save_best': False, 'seed': 4, 'cuda': True}
acc:[95.23, 97.24000000000001, 97.85000000000001, 98.11999999999999, 98.22999999999999, 98.24000000000001, 98.38, 98.4, 98.46000000000001, 98.38, 98.55000000000001, 98.54]
loss:[0.14941348516842043, 0.09059554792327594, 0.0735633331969899, 0.0657648959026165, 0.061487241388781914, 0.05937270966544158, 0.05607500088200727, 0.055181979817703744, 0.05351787440027877, 0.05356901103948962, 0.05169527069149728, 0.052052124186796195]
