{'num_clients': 10, 'com_round': 500, 'model': 'SimpleCNN', 'sample_ratio': 1.0, 'batch_size': 128, 'epochs': 5, 'lr': 0.01, 'weight_decay': 0.01, 'momentum': 0.9, 'centralized': False, 'partition': 'iid', 'dir_alpha': 0.1, 'major_classes_num': 2, 'min_require_size': 10, 'noise_mode': 'sym', 'globalize': True, 'noise_ratio': 0.4, 'min_noise_ratio': 0.0, 'max_noise_ratio': 1.0, 'criterion': 'ce', 'sce_alpha': 0.1, 'sce_beta': 1.0, 'loss_scale': 1.0, 'gce_q': 0.7, 'focal_alpha': None, 'focal_gamma': 0.0, 'dataset': 'mnist', 'data_dir': '../fedNLLdata/mnist', 'out_dir': '../Fed-Noisy-checkpoint/', 'save_best': False, 'seed': 2, 'cuda': True}
acc:[90.64, 93.97, 95.28, 95.83, 96.26, 96.6, 96.7, 97.04, 97.1, 97.3, 97.46000000000001, 97.42, 97.61999999999999, 97.55, 97.63, 97.84, 97.86, 97.77, 97.8, 97.8]
loss:[0.9044797390322142, 0.7393761484683314, 0.684828221043454, 0.6771948171567314, 0.6826484961600243, 0.6834731449054766, 0.6299625759637808, 0.6417372630366797, 0.6460650084139425, 0.6256330198124994, 0.6053126884412162, 0.6401733835286731, 0.641860202143464, 0.6163703218291078, 0.6154036604905431, 0.6141397507884835, 0.6203271275079703, 0.6195301892636698, 0.6132089854041233, 0.6088627142996728]
