dataset : cifar100
partition : noniid-quantity
dir_alpha : 0.3
num_clients : 20
major_classes_num : 2
min_require_size : 10
globalize : False
noise_mode : asym
true_noise_ratio : [0.46958637469586373, 0.3769230769230769, 0.4455445544554455, 0.4606741573033708, 0.3506787330316742, 0.361012183692596, 0.4322617680826636, 0.3595505617977528, 0.4012738853503185, 0.4527326440177253, 0.3705793312233384, 0.30000000000000004, 0.3602150537634409, 0.4675689057600264, 0.4572624028690975, 0.43939393939393945, 0.4291187739463601, 0.35540408958130476, 0.40215924426450744, 0.4129353233830846]
noise_ratio : [0.470067649017289, 0.37750594081974526, 0.4542392203891203, 0.4608172850581229, 0.35103812766148607, 0.361060755054405, 0.4325199535476123, 0.36116591926617425, 0.40376142587014036, 0.453466137550032, 0.370581264306779, 0.31917246266345317, 0.3621513563857649, 0.4677235590251162, 0.4574190642380935, 0.43952577406689, 0.4302672602633377, 0.35607119395845027, 0.403256321226055, 0.4135428787646372]
