dataset : cifar100
partition : noniid-labeldir
dir_alpha : 0.5
num_clients : 20
major_classes_num : 2
min_require_size : 10
globalize : False
noise_mode : sym
true_noise_ratio : [0.3581055063534848, 0.3899419729206963, 0.3027562446167097, 0.3095605242868157, 0.3591577274533174, 0.35051546391752575, 0.47031578947368424, 0.4283464566929134, 0.33597994149603005, 0.42099102614124073, 0.42757281553398063, 0.3033409263477601, 0.3937664618086041, 0.45068027210884354, 0.4424, 0.3317422434367542, 0.45069306930693065, 0.35512156237544834, 0.42829230168034393, 0.4293008641005499]
noise_ratio : [0.35819671839087563, 0.3902516967477709, 0.30287031685959315, 0.3095984744268693, 0.3593629414651036, 0.3507606900920504, 0.47032119003617306, 0.4287078836557575, 0.3363705650391396, 0.421074883140757, 0.4279190804427886, 0.3033720619706489, 0.3938661619613819, 0.4508198353530339, 0.44242222156288946, 0.3320878505728413, 0.45093857238916024, 0.3552137737819553, 0.42849364703222126, 0.429640725392776]
