{'num_clients': 10, 'com_round': 500, 'model': 'VGG16', 'sample_ratio': 1.0, 'batch_size': 128, 'epochs': 5, 'lr': 0.01, 'weight_decay': 0.0005, 'momentum': 0.9, 'centralized': False, 'partition': 'iid', 'dir_alpha': 0.1, 'major_classes_num': 2, 'min_require_size': 10, 'noise_mode': 'asym', 'globalize': True, 'noise_ratio': 0.4, 'min_noise_ratio': 0.0, 'max_noise_ratio': 1.0, 'criterion': 'ce', 'sce_alpha': 0.1, 'sce_beta': 1.0, 'loss_scale': 1.0, 'gce_q': 0.7, 'focal_alpha': None, 'focal_gamma': 0.0, 'dataset': 'cifar10', 'data_dir': '../fedNLLdata/cifar10', 'out_dir': '../Fed-Noisy-checkpoint/', 'save_best': False, 'seed': 4, 'cuda': True}
acc:[14.78, 10.0, 20.74, 24.279999999999998, 28.95, 33.08, 34.410000000000004, 38.14, 40.99, 45.839999999999996, 45.800000000000004, 46.739999999999995, 51.06, 54.08, 55.769999999999996, 60.160000000000004, 62.49, 66.43, 69.45, 71.67, 73.02, 72.98, 74.28, 75.31, 75.46000000000001, 76.16000000000001, 76.17, 77.83, 76.31, 78.09, 78.24, 78.38000000000001, 78.75999999999999, 79.17, 79.97, 79.77]
loss:[2.248183543169046, 2.4218356277369244, 1.9484286926969696, 1.8491328260566615, 1.847844135912159, 1.6524465325512463, 1.7057381566566756, 1.5331482012060624, 1.5131594697131385, 1.3773145238055458, 1.3329259202450137, 1.2459692834298821, 1.1996176016481617, 1.1083496688287469, 1.0633414825306664, 1.0086947505987143, 0.9450592451457736, 0.9037430648562275, 0.8743818719175798, 0.8407494229606435, 0.8182390762280815, 0.8030419108233874, 0.7716730523713028, 0.7575575867785683, 0.7457461606098127, 0.7346735868272902, 0.7247014656851564, 0.7055825183663187, 0.7298791363269468, 0.6827922433237487, 0.7020914426332787, 0.6892624652083916, 0.673298140869865, 0.674310063259511, 0.6588118321533445, 0.6533589740342731]
