{'num_clients': 10, 'com_round': 500, 'model': 'SimpleCNN', 'sample_ratio': 1.0, 'batch_size': 128, 'epochs': 5, 'lr': 0.01, 'weight_decay': 0.01, 'momentum': 0.9, 'centralized': False, 'partition': 'noniid-#label', 'dir_alpha': 0.1, 'major_classes_num': 2, 'min_require_size': 10, 'noise_mode': 'sym', 'globalize': True, 'noise_ratio': 0.8, 'min_noise_ratio': 0.0, 'max_noise_ratio': 1.0, 'criterion': 'ce', 'sce_alpha': 0.1, 'sce_beta': 1.0, 'loss_scale': 1.0, 'gce_q': 0.7, 'focal_alpha': None, 'focal_gamma': 0.0, 'dataset': 'mnist', 'data_dir': '../fedNLLdata/mnist', 'out_dir': '../Fed-Noisy-checkpoint/', 'save_best': False, 'seed': 2, 'cuda': True}
acc:[24.51, 33.7, 37.08, 38.43, 33.76, 34.78, 38.12, 35.82, 37.230000000000004, 35.53, 33.4, 31.45, 33.83, 30.72, 36.25]
loss:[2.292041072362586, 2.2822775569143174, 2.272746991507615, 2.265731428242937, 2.2609244509588313, 2.2587714587585834, 2.2577838867525513, 2.2576782944836196, 2.2570466391647916, 2.2563854712474196, 2.256195714202108, 2.256182018714615, 2.2574828335001498, 2.257377235195305, 2.256832095641124]
