{'num_clients': 10, 'com_round': 500, 'model': 'SimpleCNN', 'sample_ratio': 1.0, 'batch_size': 128, 'epochs': 5, 'lr': 0.01, 'weight_decay': 0.01, 'momentum': 0.9, 'centralized': False, 'partition': 'noniid-#label', 'dir_alpha': 0.1, 'major_classes_num': 2, 'min_require_size': 10, 'noise_mode': 'clean', 'globalize': True, 'noise_ratio': 0.0, 'min_noise_ratio': 0.0, 'max_noise_ratio': 1.0, 'criterion': 'ce', 'sce_alpha': 0.1, 'sce_beta': 1.0, 'loss_scale': 1.0, 'gce_q': 0.7, 'focal_alpha': None, 'focal_gamma': 0.0, 'dataset': 'mnist', 'data_dir': '../fedNLLdata/mnist', 'out_dir': '../Fed-Noisy-checkpoint/', 'save_best': False, 'seed': 5, 'cuda': True}
acc:[14.46, 35.199999999999996, 37.059999999999995, 35.730000000000004, 46.23, 43.91, 42.66, 35.22, 41.870000000000005, 30.17]
loss:[2.239511423473117, 2.0084728032727783, 2.005111887485166, 1.8824838837490807, 1.7803737966320183, 1.7699695750127864, 1.7849095803272874, 1.7894883774503876, 1.7810478436795971, 1.802039748505701]
