dataset : cifar100
partition : noniid-quantity
dir_alpha : 1.0
num_clients : 100
major_classes_num : 2
min_require_size : 10
globalize : True
noise_mode : asym
true_noise_ratio : [0.3586956521739131, 0.3908826382153249, 0.38754325259515576, 0.42344497607655507, 0.32183908045977017, 0.3814102564102564, 0.42380952380952386, 0.4365079365079365, 0.38426966292134834, 0.3405405405405405, 0.4252032520325203, 0.3674496644295302, 0.4013605442176871, 0.4482758620689655, 0.3584905660377359, 0.41982507288629733, 0.38176197836166925, 0.4434782608695652, 0.3900709219858156, 0.41860465116279066, 0.3721804511278195, 0.368421052631579, 0.38636363636363635, 0.26415094339622647, 0.43454038997214484, 0.4018691588785047, 0.3780487804878049, 0.4294605809128631, 0.3856041131105399, 0.3916349809885932, 0.4155844155844156, 0.3956521739130435, 0.4032258064516129, 0.3994490358126722, 0.3813892529488859, 0.2727272727272727, 0.3711340206185567, 0.40957966764418374, 0.3939393939393939, 0.41253263707571797, 0.39639639639639634, 0.40229110512129385, 0.42050691244239635, 0.41675392670157063, 0.3921568627450981, 0.4176245210727969, 0.3913764510779436, 0.4132762312633833, 0.3989962358845671, 0.4117647058823529, 0.3840877914951989, 0.4263803680981595, 0.3557046979865772, 0.36734693877551017, 0.4354838709677419, 0.34285714285714286, 0.40506329113924056, 0.3822525597269625, 0.41611624834874505, 0.4058033780857514, 0.35593220338983056, 0.3157894736842105, 0.40121845082680596, 0.4160206718346253, 0.3824657534246575, 0.44422310756972117, 0.399446858949032, 0.4117647058823529, 0.41081081081081083, 0.36111111111111116, 0.4174311926605505, 0.23076923076923073, 0.4767441860465116, 0.406480117820324, 0.6666666666666667, 0.3761061946902655, 0.4349593495934959, 0.3863247863247863, 0.37628865979381443, 0.41747572815533984, 0.40830449826989623, 0.3935185185185185, 0.4157501099868016, 0.4070796460176991, 0.4113475177304965, 0.41333333333333333, 0.37790697674418605, 0.3993399339933993, 0.27586206896551724, 0.3607954545454546, 0.423728813559322, 0.3685534591194969, 0.4057142857142857, 0.46153846153846156, 0.43273542600896864, 0.41910966340933764, 0.4117647058823529, 0.40756914119359533, 0.3718309859154929, 0.3704663212435233]
noise_ratio : [0.4, 0.4, 0.4, 0.4, 0.4, 0.4, 0.4, 0.4, 0.4, 0.4, 0.4, 0.4, 0.4, 0.4, 0.4, 0.4, 0.4, 0.4, 0.4, 0.4, 0.4, 0.4, 0.4, 0.4, 0.4, 0.4, 0.4, 0.4, 0.4, 0.4, 0.4, 0.4, 0.4, 0.4, 0.4, 0.4, 0.4, 0.4, 0.4, 0.4, 0.4, 0.4, 0.4, 0.4, 0.4, 0.4, 0.4, 0.4, 0.4, 0.4, 0.4, 0.4, 0.4, 0.4, 0.4, 0.4, 0.4, 0.4, 0.4, 0.4, 0.4, 0.4, 0.4, 0.4, 0.4, 0.4, 0.4, 0.4, 0.4, 0.4, 0.4, 0.4, 0.4, 0.4, 0.4, 0.4, 0.4, 0.4, 0.4, 0.4, 0.4, 0.4, 0.4, 0.4, 0.4, 0.4, 0.4, 0.4, 0.4, 0.4, 0.4, 0.4, 0.4, 0.4, 0.4, 0.4, 0.4, 0.4, 0.4, 0.4]
