dataset : cifar100
partition : iid
dir_alpha : 0.1
num_clients : 100
major_classes_num : 2
min_require_size : 10
globalize : True
noise_mode : sym
true_noise_ratio : [0.4, 0.44199999999999995, 0.382, 0.404, 0.39, 0.4, 0.348, 0.396, 0.41200000000000003, 0.354, 0.372, 0.356, 0.402, 0.392, 0.4, 0.41200000000000003, 0.44599999999999995, 0.43200000000000005, 0.404, 0.41800000000000004, 0.37, 0.478, 0.372, 0.4, 0.384, 0.404, 0.35, 0.41000000000000003, 0.4, 0.376, 0.394, 0.364, 0.398, 0.40800000000000003, 0.4, 0.41000000000000003, 0.404, 0.396, 0.384, 0.382, 0.362, 0.394, 0.388, 0.41600000000000004, 0.384, 0.39, 0.402, 0.41600000000000004, 0.42200000000000004, 0.40800000000000003, 0.4, 0.42200000000000004, 0.35, 0.392, 0.43400000000000005, 0.43200000000000005, 0.42200000000000004, 0.354, 0.392, 0.43400000000000005, 0.4, 0.38, 0.42200000000000004, 0.39, 0.35, 0.396, 0.41200000000000003, 0.43200000000000005, 0.376, 0.4, 0.41800000000000004, 0.41000000000000003, 0.378, 0.41200000000000003, 0.41800000000000004, 0.41200000000000003, 0.42000000000000004, 0.44199999999999995, 0.43799999999999994, 0.38, 0.388, 0.41000000000000003, 0.42800000000000005, 0.41800000000000004, 0.42800000000000005, 0.41600000000000004, 0.402, 0.404, 0.392, 0.378, 0.398, 0.37, 0.4, 0.404, 0.43799999999999994, 0.43400000000000005, 0.402, 0.376, 0.384, 0.384]
noise_ratio : [0.4, 0.4, 0.4, 0.4, 0.4, 0.4, 0.4, 0.4, 0.4, 0.4, 0.4, 0.4, 0.4, 0.4, 0.4, 0.4, 0.4, 0.4, 0.4, 0.4, 0.4, 0.4, 0.4, 0.4, 0.4, 0.4, 0.4, 0.4, 0.4, 0.4, 0.4, 0.4, 0.4, 0.4, 0.4, 0.4, 0.4, 0.4, 0.4, 0.4, 0.4, 0.4, 0.4, 0.4, 0.4, 0.4, 0.4, 0.4, 0.4, 0.4, 0.4, 0.4, 0.4, 0.4, 0.4, 0.4, 0.4, 0.4, 0.4, 0.4, 0.4, 0.4, 0.4, 0.4, 0.4, 0.4, 0.4, 0.4, 0.4, 0.4, 0.4, 0.4, 0.4, 0.4, 0.4, 0.4, 0.4, 0.4, 0.4, 0.4, 0.4, 0.4, 0.4, 0.4, 0.4, 0.4, 0.4, 0.4, 0.4, 0.4, 0.4, 0.4, 0.4, 0.4, 0.4, 0.4, 0.4, 0.4, 0.4, 0.4]
