dataset : cifar100
partition : noniid-labeldir
dir_alpha : 0.5
num_clients : 100
major_classes_num : 2
min_require_size : 10
globalize : True
noise_mode : sym
true_noise_ratio : [0.43106796116504853, 0.36571428571428577, 0.3742690058479532, 0.41409691629955947, 0.38627450980392153, 0.405829596412556, 0.37603305785123964, 0.39321357285429137, 0.38522954091816364, 0.3932584269662921, 0.4278959810874704, 0.4145833333333333, 0.384180790960452, 0.38690476190476186, 0.4027777777777778, 0.3996023856858847, 0.41633466135458164, 0.37475728155339805, 0.4081237911025145, 0.4057017543859649, 0.4189723320158103, 0.39321357285429137, 0.38247011952191234, 0.45999999999999996, 0.38247011952191234, 0.3772563176895307, 0.41200000000000003, 0.41439688715953304, 0.4490196078431372, 0.3957115009746589, 0.3412698412698413, 0.4420849420849421, 0.38815789473684215, 0.40476190476190477, 0.37623762376237624, 0.406060606060606, 0.41371681415929207, 0.40980392156862744, 0.3603960396039604, 0.4140625, 0.38342967244701354, 0.4055666003976143, 0.4463937621832359, 0.38627450980392153, 0.39880952380952384, 0.4481927710843373, 0.3992015968063872, 0.39603960396039606, 0.42261904761904767, 0.3901869158878505, 0.3979591836734694, 0.37649402390438247, 0.40388768898488125, 0.37037037037037035, 0.4241245136186771, 0.43253968253968256, 0.3996062992125984, 0.41967871485943775, 0.38166311300639655, 0.3584905660377359, 0.374, 0.3921971252566735, 0.3929961089494164, 0.41801801801801797, 0.37957610789980734, 0.40239043824701193, 0.41035856573705176, 0.4092741935483871, 0.40684410646387836, 0.376, 0.4214711729622267, 0.4186507936507936, 0.37811900191938574, 0.4221789883268483, 0.3819742489270386, 0.4, 0.40508806262230923, 0.3729166666666667, 0.38888888888888884, 0.39439252336448594, 0.4083665338645418, 0.40588235294117647, 0.40049751243781095, 0.4273318872017353, 0.3650485436893204, 0.3940594059405941, 0.3816925734024179, 0.41916167664670656, 0.42395437262357416, 0.4128256513026052, 0.4043824701195219, 0.37441860465116283, 0.3727810650887574, 0.4265873015873016, 0.4227799227799228, 0.4077868852459017, 0.35316698656429946, 0.43243243243243246, 0.4, 0.401174168297456]
noise_ratio : [0.4, 0.4, 0.4, 0.4, 0.4, 0.4, 0.4, 0.4, 0.4, 0.4, 0.4, 0.4, 0.4, 0.4, 0.4, 0.4, 0.4, 0.4, 0.4, 0.4, 0.4, 0.4, 0.4, 0.4, 0.4, 0.4, 0.4, 0.4, 0.4, 0.4, 0.4, 0.4, 0.4, 0.4, 0.4, 0.4, 0.4, 0.4, 0.4, 0.4, 0.4, 0.4, 0.4, 0.4, 0.4, 0.4, 0.4, 0.4, 0.4, 0.4, 0.4, 0.4, 0.4, 0.4, 0.4, 0.4, 0.4, 0.4, 0.4, 0.4, 0.4, 0.4, 0.4, 0.4, 0.4, 0.4, 0.4, 0.4, 0.4, 0.4, 0.4, 0.4, 0.4, 0.4, 0.4, 0.4, 0.4, 0.4, 0.4, 0.4, 0.4, 0.4, 0.4, 0.4, 0.4, 0.4, 0.4, 0.4, 0.4, 0.4, 0.4, 0.4, 0.4, 0.4, 0.4, 0.4, 0.4, 0.4, 0.4, 0.4]
