{'num_clients': 10, 'com_round': 500, 'model': 'SimpleCNN', 'sample_ratio': 1.0, 'batch_size': 128, 'epochs': 5, 'lr': 0.01, 'weight_decay': 0.01, 'momentum': 0.9, 'centralized': False, 'partition': 'iid', 'dir_alpha': 0.1, 'major_classes_num': 2, 'min_require_size': 10, 'noise_mode': 'asym', 'globalize': True, 'noise_ratio': 0.4, 'min_noise_ratio': 0.0, 'max_noise_ratio': 1.0, 'criterion': 'ce', 'sce_alpha': 0.1, 'sce_beta': 1.0, 'loss_scale': 1.0, 'gce_q': 0.7, 'focal_alpha': None, 'focal_gamma': 0.0, 'dataset': 'mnist', 'data_dir': '../fedNLLdata/mnist', 'out_dir': '../Fed-Noisy-checkpoint/', 'save_best': False, 'seed': 5, 'cuda': True}
acc:[90.82000000000001, 95.13000000000001, 96.28, 96.48, 96.78999999999999, 96.61999999999999, 97.16, 97.09, 97.28, 97.48]
loss:[0.43187541674964036, 0.33738535850108425, 0.314435982817336, 0.3143979897604713, 0.31156968712052213, 0.3069146200071407, 0.30261199723316146, 0.31465706342383276, 0.30616106055205383, 0.29729740698880786]
