{'num_clients': 10, 'com_round': 500, 'model': 'VGG16', 'sample_ratio': 1.0, 'batch_size': 128, 'epochs': 5, 'lr': 0.01, 'weight_decay': 0.0005, 'momentum': 0.9, 'centralized': False, 'partition': 'noniid-#label', 'dir_alpha': 0.1, 'major_classes_num': 3, 'min_require_size': 10, 'noise_mode': 'asym', 'globalize': True, 'noise_ratio': 0.4, 'min_noise_ratio': 0.0, 'max_noise_ratio': 1.0, 'criterion': 'ce', 'sce_alpha': 0.1, 'sce_beta': 1.0, 'loss_scale': 1.0, 'gce_q': 0.7, 'focal_alpha': None, 'focal_gamma': 0.0, 'mixup': False, 'mixup_alpha': 1.0, 'dataset': 'svhn', 'data_dir': '../fedNLLdata/svhn', 'out_dir': '../Fed-Noisy-checkpoint/', 'save_best': False, 'seed': 1, 'cuda': True}
acc:[15.938076213890595, 15.938076213890595, 15.938076213890595, 15.938076213890595, 11.09019668100799, 10.083743085433312, 24.800245851259987, 27.320221266133988, 16.87922556853104, 20.77443146896128, 20.32498463429625, 24.227873386601107, 25.076828518746158, 32.15657652120467, 28.52258758451137, 31.01567301782422, 30.80055316533497, 32.39090350338045, 32.34864781807007, 33.593269821757836, 34.59972341733251, 34.722649047326364, 35.0261216963737, 36.83543331284573, 38.068531038721574, 38.07237246465888, 39.658881376767056, 44.045789797172716, 44.64889366933005, 47.27642901044868, 50.998770743700064, 47.31100184388445, 50.653042409342355, 49.304701905347265, 50.937307928703135, 51.371389059618934, 50.66840811309158, 49.06653349723417, 50.97956361401352, 52.397049784880146, 52.52381684081131, 53.184542102028274, 51.425169022741244, 50.11908420405654, 51.09480639213276, 51.32529194837123, 49.961585740626916, 49.28933620159803, 49.784880147510755, 48.563306699446834, 52.527658266748624, 50.37261831591887, 49.28933620159803, 49.846342962507684, 47.52228027043638, 48.766902274124156, 47.66057160417947, 49.42762753534112, 49.57744314689613, 48.28672403196067, 51.31376767055931, 50.27658266748617, 50.825906576521206, 50.65688383527965, 49.33927473878303, 48.95513214505225, 49.86939151813153, 48.73232944068838, 47.44161032575292, 48.49031960663798, 49.93469575906577, 48.12538414259373, 50.50706822372465, 49.48140749846343, 49.5620774431469, 47.31100184388445, 51.41364474492932, 49.89244007375538, 51.056392132759676, 49.38537185003073, 51.678703134603566, 52.48156115550092]
loss:[2.258691430091858, 2.2546205684250475, 2.258774259511162, 2.2821629725250543, 2.289560108792548, 2.2811767564100376, 2.2186633441962447, 2.095861821197996, 2.1161561579096553, 2.068183628367443, 2.034864026541803, 1.9224493106206257, 1.875537869977016, 1.765680630417431, 1.77442841202605, 1.7664114306954777, 1.7156092261566835, 1.6650647859947354, 1.6794194824555342, 1.6115030243116266, 1.598987572333392, 1.5506546485657786, 1.5496501338248159, 1.5194065903916079, 1.4665431713356691, 1.4846748183755314, 1.4729040089775534, 1.453781356414159, 1.4228600281126358, 1.410798595232122, 1.374088375007405, 1.3990534730986053, 1.367913112336514, 1.368950444693659, 1.335482950888428, 1.3609588590322756, 1.3311486296793993, 1.3383150363669676, 1.3106144783543605, 1.3152990633366155, 1.2909740250484616, 1.2665612200895946, 1.2916248329714233, 1.2857257010889989, 1.272437167518279, 1.2533712574079925, 1.2382141439353718, 1.2456947699481367, 1.2354173759619396, 1.234719633471732, 1.1996994860032026, 1.2039802828255821, 1.2187055144824235, 1.206554744757858, 1.2406677469318987, 1.2125560731864442, 1.2226623632744247, 1.1927250477613187, 1.190813863686487, 1.2173266627040564, 1.1564601300393833, 1.1688643702689339, 1.1589646292667763, 1.1613460811329823, 1.1597463032778572, 1.1652994506499346, 1.1472080720990312, 1.165267390071177, 1.1984354038448894, 1.1539427281594743, 1.1476077884435654, 1.171049479468196, 1.1360027462828393, 1.1445204051686269, 1.1353952206817328, 1.1606948939608592, 1.1102461432125055, 1.1092583531258153, 1.1017105100201625, 1.1272059617673649, 1.1238724405274672, 1.1042693377125496]
