dataset : cifar100
partition : noniid-#label
dir_alpha : 0.1
num_clients : 100
major_classes_num : 30
min_require_size : 10
globalize : True
noise_mode : asym
true_noise_ratio : [0.3961165048543689, 0.36435643564356435, 0.381139489194499, 0.405511811023622, 0.44339622641509435, 0.3988439306358381, 0.365234375, 0.39688715953307396, 0.40494296577946765, 0.4004024144869215, 0.40637450199203184, 0.36416184971098264, 0.42234848484848486, 0.4031936127744511, 0.4, 0.3870967741935484, 0.4044715447154471, 0.40792079207920795, 0.43190661478599224, 0.3813084112149533, 0.38476953907815636, 0.3911290322580645, 0.3955823293172691, 0.41417910447761197, 0.38247011952191234, 0.41796875, 0.400390625, 0.39156626506024095, 0.4254473161033797, 0.3609022556390977, 0.41570881226053635, 0.396, 0.3984526112185687, 0.4032921810699589, 0.4035433070866141, 0.3918367346938776, 0.3977272727272727, 0.4376199616122841, 0.40963855421686746, 0.38223938223938225, 0.4101010101010101, 0.4044715447154471, 0.3892100192678227, 0.41980198019801984, 0.3877551020408163, 0.4240631163708086, 0.3821782178217822, 0.41330645161290325, 0.4135802469135802, 0.40726577437858513, 0.38832997987927564, 0.406060606060606, 0.3729508196721312, 0.37037037037037035, 0.42708333333333337, 0.37777777777777777, 0.4100580270793037, 0.44556451612903225, 0.4322709163346613, 0.40204081632653066, 0.4263565891472868, 0.3880597014925373, 0.40085287846481876, 0.36907216494845363, 0.4188911704312115, 0.41980198019801984, 0.4168421052631579, 0.40501043841336115, 0.43232323232323233, 0.41701244813278004, 0.41014799154334036, 0.406, 0.38494623655913973, 0.4274028629856851, 0.3954918032786885, 0.3561076604554866, 0.40667976424361496, 0.38067061143984215, 0.4032921810699589, 0.39029535864978904, 0.44181459566074954, 0.3767535070140281, 0.3765432098765432, 0.4422310756972112, 0.37554585152838427, 0.3765432098765432, 0.39748953974895396, 0.4111776447105788, 0.38888888888888884, 0.3910256410256411, 0.37447698744769875, 0.3936381709741551, 0.38477801268498946, 0.3917525773195877, 0.3836206896551724, 0.3892339544513458, 0.41482965931863724, 0.4117647058823529, 0.3877551020408163, 0.3744855967078189]
noise_ratio : [0.4, 0.4, 0.4, 0.4, 0.4, 0.4, 0.4, 0.4, 0.4, 0.4, 0.4, 0.4, 0.4, 0.4, 0.4, 0.4, 0.4, 0.4, 0.4, 0.4, 0.4, 0.4, 0.4, 0.4, 0.4, 0.4, 0.4, 0.4, 0.4, 0.4, 0.4, 0.4, 0.4, 0.4, 0.4, 0.4, 0.4, 0.4, 0.4, 0.4, 0.4, 0.4, 0.4, 0.4, 0.4, 0.4, 0.4, 0.4, 0.4, 0.4, 0.4, 0.4, 0.4, 0.4, 0.4, 0.4, 0.4, 0.4, 0.4, 0.4, 0.4, 0.4, 0.4, 0.4, 0.4, 0.4, 0.4, 0.4, 0.4, 0.4, 0.4, 0.4, 0.4, 0.4, 0.4, 0.4, 0.4, 0.4, 0.4, 0.4, 0.4, 0.4, 0.4, 0.4, 0.4, 0.4, 0.4, 0.4, 0.4, 0.4, 0.4, 0.4, 0.4, 0.4, 0.4, 0.4, 0.4, 0.4, 0.4, 0.4]
