{'num_clients': 10, 'com_round': 500, 'model': 'SimpleCNN', 'sample_ratio': 1.0, 'batch_size': 128, 'epochs': 5, 'lr': 0.01, 'weight_decay': 0.01, 'momentum': 0.9, 'centralized': False, 'partition': 'iid', 'dir_alpha': 0.1, 'major_classes_num': 2, 'min_require_size': 10, 'noise_mode': 'asym', 'globalize': True, 'noise_ratio': 0.4, 'min_noise_ratio': 0.0, 'max_noise_ratio': 1.0, 'criterion': 'ce', 'sce_alpha': 0.1, 'sce_beta': 1.0, 'loss_scale': 1.0, 'gce_q': 0.7, 'focal_alpha': None, 'focal_gamma': 0.0, 'dataset': 'mnist', 'data_dir': '../fedNLLdata/mnist', 'out_dir': '../Fed-Noisy-checkpoint/', 'save_best': False, 'seed': 3, 'cuda': True}
acc:[89.8, 93.12, 96.02000000000001, 95.1, 96.66, 96.97, 96.26, 97.17, 97.41, 97.44, 97.46000000000001, 97.37]
loss:[0.44819639755200735, 0.36134486862375764, 0.33405528038362914, 0.336857767421988, 0.32330173706706566, 0.31581622173514545, 0.31361301563963107, 0.30298174351831025, 0.30567133388941803, 0.3101291322632681, 0.29539828191075146, 0.32086423001711883]
