dataset : cifar100
partition : noniid-labeldir
dir_alpha : 0.5
num_clients : 20
major_classes_num : 2
min_require_size : 10
globalize : True
noise_mode : sym
true_noise_ratio : [0.40508278783211393, 0.4119922630560928, 0.40051679586563305, 0.3959136468774094, 0.38100913786253476, 0.3917525773195877, 0.383578947368421, 0.4122047244094488, 0.40158796489761805, 0.3991416309012875, 0.4132038834951456, 0.4126803340926348, 0.40079016681299384, 0.38307823129251706, 0.3964, 0.4180588703261734, 0.41663366336633667, 0.38620964527700274, 0.38804220398593203, 0.39905734485467403]
noise_ratio : [0.4, 0.4, 0.4, 0.4, 0.4, 0.4, 0.4, 0.4, 0.4, 0.4, 0.4, 0.4, 0.4, 0.4, 0.4, 0.4, 0.4, 0.4, 0.4, 0.4]
